376082
376083
376084
376085
376086
376087
376088
376089
376090
376091
376092
376093
376094
376095
376096
376097
376098
376099
376100
376101
376102
376103
376104
376105
376106
376257
376258
376109
376259
376260
376261
376262
376114
376263
376264
376265
376266
376267
376120
376268
376122
376123
376124
376125
376126
376127
376128
375880
375881
375882
375883
375884
375885
375886
375887
375888
375889
375890
375893
375894
375895
375896
375897
375898
375899
375900
375901
375902
375903
375904
375905
375906
375907
375908
375911
375912
375913
375914
375915
375916
375917
375918
375919
375920
375921
375922
